1.548588037752884200e-03 2.582982744109469514e-02 6.913835526930818542e-02 1.266980888287215223e-01 1.901821048906983114e-01 2.523327584471651841e-01 3.017415373605236151e-01 3.304113303725768058e-01 3.283516881714607649e-01 2.808720968573933940e-01
2.582982744109469514e-02 3.239214231970669478e-03 5.463938745857818691e-02 1.250305151632051526e-01 2.038172830405179659e-01 2.814549128099610442e-01 3.441346713441786886e-01 3.817642478057922673e-01 3.822864661738766823e-01 3.283516881714607649e-01
6.913835526930818542e-02 5.463938745857818691e-02 5.461768278104236346e-03 8.228222117021373461e-02 1.704066306068494074e-01 2.579660210100283013e-01 3.301946486270392334e-01 3.758286719350783511e-01 3.817642478057922673e-01 3.304113303725768058e-01
1.266980888287215223e-01 1.250305151632051526e-01 8.228222117021373461e-02 7.862842692241600942e-03 1.015373208025786012e-01 1.962563414424297048e-01 2.766722723486645386e-01 3.301946486270392334e-01 3.441346713441786886e-01 3.017415373605236151e-01
1.901821048906983114e-01 2.038172830405179659e-01 1.704066306068494074e-01 1.015373208025786012e-01 8.558040755822211507e-03 1.086330582389660598e-01 1.962563414424297048e-01 2.579660210100283013e-01 2.814549128099610442e-01 2.523327584471651841e-01
2.523327584471651841e-01 2.814549128099610442e-01 2.579660210100283013e-01 1.962563414424297048e-01 1.086330582389660598e-01 8.558040755822211507e-03 1.015373208025786012e-01 1.704066306068494074e-01 2.038172830405179659e-01 1.901821048906983114e-01
3.017415373605236151e-01 3.441346713441786886e-01 3.301946486270392334e-01 2.766722723486645386e-01 1.962563414424297048e-01 1.015373208025786012e-01 7.862842692241600942e-03 8.228222117021373461e-02 1.250305151632051526e-01 1.266980888287215223e-01
3.304113303725768058e-01 3.817642478057922673e-01 3.758286719350783511e-01 3.301946486270392334e-01 2.579660210100283013e-01 1.704066306068494074e-01 8.228222117021373461e-02 5.461768278104236346e-03 5.463938745857818691e-02 6.913835526930818542e-02
3.283516881714607649e-01 3.822864661738766823e-01 3.817642478057922673e-01 3.441346713441786886e-01 2.814549128099610442e-01 2.038172830405179659e-01 1.250305151632051526e-01 5.463938745857818691e-02 3.239214231970669478e-03 2.582982744109469514e-02
2.808720968573933940e-01 3.283516881714607649e-01 3.304113303725768058e-01 3.017415373605236151e-01 2.523327584471651841e-01 1.901821048906983114e-01 1.266980888287215223e-01 6.913835526930818542e-02 2.582982744109469514e-02 1.548588037752884200e-03
